100
78 76 23 66 43 74 8 63 36 51 38 75 51 65 40 98 50 87 91 15 86 1 12 57 43 74 26 76 91 50 34 95 89 76 20 71 14 66 53 46 77 12 53 69 38 29 67 50 68 28 43 25 40 75 12 49 29 9 29 11 37 21 21 98 72 41 41 44 20 64 41 49 84 11 72 72 14 90 63 30 86 62 28 19 4 66 10 13 61 55 81 36 24 44 36 55 100 78 57 9
8 39 11 60 59 70 54 60 1 30 99 35 94 50 64 52 1 27 46 90 40 68 99 42 66 63 75 7 45 33 54 84 77 56 36 75 69 78 15 42 9 54 28 15 79 85 80 76 41 63 34 98 67 7 34 17 29 74 75 5 76 52 84 19 45 59 68 3 14 66 100 17 24 17 70 25 25 70 75 67 11 27 91 3 72 37 20 10 27 61 76 13 63 88 16 89 39 16 62 31
90 97 5 13 88 97 88 34 88 72 31 34 51 34 16 81 21 54 85 59 22 59 97 72 40 61 14 31 39 15 19 24 29 38 53 22 88 20 86 57 48 98 20 12 13 11 7 18 8 30 14 75 29 89 95 33 73 95 65 12 9 27 74 25 59 26 25 61 91 71 9 50 57 57 11 30 69 9 40 80 99 37 15 19 72 63 34 28 64 50 78 24 89 13 8 54 76 37 25 46
19 86 9 85 31 93 24 11 35 65 64 79 84 14 55 21 95 9 53 34 44 57 88 23 43 53 40 11 72 79 12 47 71 85 77 75 50 22 74 75 79 67 71 33 25 74 23 68 58 75 32 2 40 81 20 58 44 47 63 41 76 32 74 38 99 12 82 15 27 96 61 70 18 91 56 12 49 1 98 45 1 28 56 32 86 94 58 76 82 79 80 99 10 79 84 14 99 58 27 73
76 2 51 5 18 100 92 59 12 43 21 63 80 26 21 32 9 68 5 13 30 88 64 17 67 74 46 68 87 76 29 34 6 97 58 83 24 44 90 31 38 24 20 94 3 7 94 27 69 79 94 74 13 68 99 76 4 39 79 86 27 30 44 57 30 45 26 68 69 89 35 27 83 31 78 6 90 68 16 49 26 6 44 86 33 29 72 99 39 67 100 86 32 44 63 14 55 74 88 21
63 92 23 27 67 62 39 64 45 20 70 40 40 30 67 6 44 36 16 18 30 85 13 76 28 90 27 22 56 52 67 97 68 61 17 87 46 79 73 23 21 1 45 58 99 39 33 52 48 8 66 82 96 27 80 95 60 95 75 76 7 50 44 12 94 24 93 12 72 15 65 3 84 61 41 34 64 21 100 6 63 83 67 14 88 27 56 43 53 40 27 48 83 74 23 43 67 60 68 45
29 41 70 85 87 77 25 84 53 100 84 75 56 83 38 82 92 58 83 12 17 25 41 91 51 66 67 29 62 38 62 14 2 31 21 76 95 73 45 29 55 4 94 96 42 90 40 3 91 60 62 95 42 38 15 32 53 75 29 70 35 14 6 52 41 91 17 80 91 97 18 4 59 32 61 100 55 98 37 100 33 45 16 6 66 83 21 47 56 48 84 95 25 60 69 10 60 39 12 30
2 81 4 89 47 17 7 79 6 23 4 77 34 93 30 60 47 55 40 20 96 7 1 94 54 36 63 44 5 21 14 17 78 12 70 77 40 31 77 22 27 71 90 14 6 23 75 94 20 32 92 48 41 38 36 86 61 21 39 95 94 21 60 61 14 95 25 35 55 14 41 43 26 64 14 40 97 20 48 14 5 80 4 74 23 2 72 16 30 85 21 42 33 33 42 15 85 22 81 11
7 9 27 52 67 80 73 58 83 44 68 79 5 84 44 51 42 27 13 26 98 78 10 45 72 43 75 86 53 73 28 30 11 98 19 57 58 13 38 85 44 19 16 18 70 84 90 10 95 45 92 51 47 41 46 45 18 85 32 46 93 80 29 31 81 31 91 21 92 80 50 79 21 77 60 46 35 3 24 59 12 24 93 55 10 66 76 89 79 53 44 31 97 26 86 94 96 25 10 8
75 84 97 82 88 49 23 47 48 54 2 86 22 67 63 31 3 32 21 41 98 16 32 2 37 85 12 48 36 40 98 6 64 47 66 78 54 41 57 61 73 70 89 92 54 51 67 66 59 37 76 38 49 13 8 14 69 47 22 27 77 31 36 100 100 43 93 25 60 55 36 61 91 33 56 20 66 20 100 8 88 35 10 98 3 50 75 20 98 89 9 18 95 32 95 69 33 69 15 33
8 4 89 78 96 47 48 90 20 86 43 66 88 95 34 52 32 5 89 98 78 42 72 46 34 5 35 53 37 73 80 86 4 63 7 5 69 38 53 71 6 69 4 79 69 45 97 37 73 59 39 22 10 92 52 85 66 87 10 89 94 23 75 78 19 50 100 64 34 17 30 74 14 20 46 79 57 60 59 75 96 28 29 96 47 41 28 18 99 50 94 4 10 6 29 19 52 83 72 37
36 11 80 87 35 65 26 95 62 74 83 61 2 100 58 82 55 46 22 73 6 2 55 26 64 64 10 28 73 51 16 36 33 73 42 46 89 62 19 14 10 1 42 35 91 62 15 6 52 51 27 59 89 86 18 8 91 91 93 34 17 10 16 67 31 39 1 32 63 8 98 20 72 82 47 86 64 12 80 88 68 52 81 59 21 19 95 29 5 100 62 48 80 56 15 64 20 64 13 32
11 2 86 94 40 5 55 77 19 40 56 42 17 65 92 37 3 86 61 33 37 59 74 54 94 21 10 23 6 26 5 51 20 14 36 7 50 82 57 16 54 83 3 46 30 93 43 34 1 5 8 56 99 55 61 85 91 36 24 98 76 87 49 100 38 82 23 27 22 76 90 60 63 9 6 36 50 93 59 37 53 68 26 99 19 94 94 51 31 74 70 79 66 28 22 7 50 16 76 18
96 69 62 72 44 21 41 78 75 5 40 74 22 69 24 21 9 2 86 38 78 75 87 41 28 21 12 72 70 93 55 37 20 31 88 96 23 65 7 66 44 93 20 58 7 38 37 79 61 60 88 82 24 83 68 29 29 86 74 12 79 64 35 71 62 19 93 21 62 83 93 55 85 5 50 72 6 8 55 19 51 32 97 58 98 10 65 78 55 31 77 86 25 80 57 1 6 8 40 14
52 24 46 98 38 8 80 16 14 83 62 23 36 5 77 54 54 71 21 84 69 51 60 99 21 92 12 65 85 28 33 83 17 40 39 70 27 60 39 35 59 35 31 63 22 53 39 6 54 23 69 75 20 95 4 97 9 30 53 5 45 61 86 88 49 51 99 11 92 67 26 47 37 8 58 38 99 98 31 91 16 19 64 36 38 31 65 10 3 84 23 85 15 9 49 94 36 48 80 57
85 22 86 23 40 13 98 80 69 21 75 32 34 52 91 18 36 79 70 42 73 86 87 95 44 58 50 48 98 60 55 37 79 40 98 36 60 32 28 9 21 86 68 65 58 85 85 30 6 47 23 43 33 38 69 93 23 52 22 7 91 16 94 42 24 91 87 44 21 19 51 82 56 45 49 35 10 49 43 42 97 94 34 43 21 43 84 95 63 53 41 6 67 49 53 56 57 25 84 46
47 27 60 73 61 2 27 1 9 79 85 56 63 69 52 13 43 72 100 75 58 7 54 57 79 30 15 96 95 51 58 90 26 15 70 97 99 80 57 63 70 48 86 100 82 72 72 38 38 70 50 75 47 16 82 20 41 66 17 33 36 29 57 97 15 13 90 19 88 92 61 37 47 96 82 60 76 55 56 81 42 85 18 62 21 66 24 64 38 32 22 7 30 39 96 70 64 83 52 5
27 2 75 80 87 35 30 90 19 26 44 82 27 97 48 65 54 66 81 36 51 41 19 15 71 13 72 90 27 94 43 14 96 58 73 31 6 12 46 2 33 76 49 26 25 93 38 39 1 7 32 28 62 9 84 16 77 70 48 11 22 18 75 67 23 99 68 71 48 13 70 66 56 19 59 11 40 30 15 36 30 39 62 81 85 56 16 98 7 83 33 39 67 59 86 47 20 15 82 91
29 56 28 88 39 53 1 80 36 65 93 68 29 60 63 6 62 38 44 78 73 44 42 53 8 97 69 30 15 48 11 63 25 66 47 63 54 31 43 82 81 28 12 12 34 55 66 31 7 10 15 30 67 1 64 14 31 11 75 20 52 27 59 71 81 3 1 16 81 25 63 19 3 15 2 3 94 100 11 97 95 37 70 97 65 50 95 57 15 18 46 86 87 4 69 8 39 63 58 98
24 26 6 66 3 64 48 38 75 19 15 50 2 15 72 76 91 42 38 30 72 70 14 55 97 79 57 13 8 13 11 25 63 47 35 43 39 45 97 7 94 92 98 21 3 48 10 65 85 51 2 62 13 59 36 84 68 75 84 2 29 22 12 73 30 85 76 83 40 100 14 100 47 82 88 47 72 72 27 83 71 99 74 24 84 9 92 55 9 33 14 72 40 98 32 11 37 58 69 29
35 71 62 65 83 10 19 14 80 95 60 19 85 67 11 96 60 15 53 50 73 18 86 62 83 81 4 6 48 2 27 37 14 75 19 77 28 80 70 17 99 60 69 47 15 82 12 42 86 78 80 41 30 8 81 56 24 51 16 83 75 79 34 8 71 59 29 39 96 52 91 97 34 48 37 13 98 30 18 67 32 34 24 30 66 39 86 19 37 56 10 32 11 28 85 85 61 13 21 22
78 2 6 36 87 11 5 85 16 49 8 22 7 19 30 47 16 1 62 22 57 15 61 67 98 48 81 92 7 59 51 83 17 61 81 68 91 33 72 57 38 60 3 67 15 77 29 19 27 32 12 21 83 49 59 36 62 56 61 98 99 58 62 80 39 15 85 1 82 5 59 23 81 75 67 11 96 51 14 63 37 61 45 77 49 18 57 41 9 56 10 45 56 38 59 29 83 34 69 86
61 53 45 71 8 58 99 5 87 23 65 62 89 68 77 33 90 14 94 84 97 35 48 28 66 67 1 8 5 6 82 87 22 7 35 79 34 57 12 46 54 11 21 92 51 53 99 9 34 36 71 97 28 39 6 80 45 12 5 91 77 45 55 48 35 100 89 93 21 7 85 40 35 36 11 90 99 72 7 37 13 86 43 98 60 94 88 83 45 15 78 45 19 46 22 22 90 100 26 48
84 65 79 41 28 54 54 86 29 28 11 26 23 98 23 77 28 85 3 60 50 82 21 3 67 92 23 76 21 78 19 13 46 75 57 81 67 92 95 11 53 50 84 31 92 81 14 77 16 80 7 48 8 94 22 51 41 20 75 18 87 80 35 79 53 97 60 66 51 16 1 50 63 50 49 85 13 79 13 43 60 35 55 29 68 31 92 79 41 86 70 4 47 80 98 70 64 47 32 18
76 56 65 89 67 28 100 30 80 3 4 74 8 58 48 29 8 12 4 67 15 98 71 67 95 95 22 3 19 60 92 36 69 85 34 71 90 68 69 24 50 7 30 70 28 76 93 20 41 59 85 90 32 87 47 86 22 9 9 20 10 90 69 97 64 7 81 36 38 77 33 35 16 73 56 55 100 6 71 48 80 94 52 84 2 67 13 82 84 9 23 32 73 79 98 20 84 65 6 85
32 81 8 37 32 58 73 18 88 80 38 43 99 14 48 13 58 8 86 58 37 21 49 36 65 56 52 73 57 73 60 81 13 58 81 56 88 22 30 74 36 22 53 9 44 15 6 74 45 63 94 58 69 71 31 30 88 32 82 32 43 45 56 80 31 5 17 28 38 93 30 32 9 36 88 96 53 64 18 86 89 76 36 38 68 24 68 5 63 77 77 22 30 34 61 35 56 42 19 95
68 38 70 30 13 85 53 66 68 67 27 97 36 7 20 35 86 12 85 13 91 77 100 10 11 28 36 25 7 72 100 19 97 91 69 70 77 14 29 59 96 94 41 88 77 3 95 96 76 7 29 67 54 5 56 73 72 19 64 26 83 52 43 67 76 22 36 44 42 59 79 25 40 90 54 62 19 65 17 46 52 81 73 10 54 89 25 1 70 34 86 75 34 31 77 20 23 8 75 74
98 72 65 26 6 35 19 19 88 49 81 19 99 9 80 78 37 9 22 96 90 38 34 35 91 67 66 37 53 61 41 14 19 93 59 5 29 77 15 55 55 27 92 97 34 40 71 36 69 97 44 74 86 68 95 66 34 12 85 86 14 92 19 8 60 13 42 47 45 3 72 63 8 27 26 8 67 54 54 43 29 72 22 21 8 57 82 88 27 72 83 84 18 87 44 94 56 14 2 47
22 3 82 90 87 28 1 18 16 71 100 87 44 75 97 11 6 16 30 18 14 33 79 57 13 100 17 78 29 26 66 81 24 35 94 85 8 32 44 81 55 47 97 84 28 62 84 56 98 88 36 31 55 77 70 75 11 88 90 19 82 70 34 69 20 60 16 55 7 89 53 21 98 73 67 79 72 49 40 14 99 52 15 68 94 94 59 90 21 79 74 78 31 50 52 76 72 10 7 68
36 8 69 76 20 10 43 76 52 32 25 91 20 57 76 27 23 5 23 93 53 32 37 6 76 57 33 45 77 88 23 24 28 13 71 64 65 26 28 41 60 62 10 34 75 27 86 71 83 41 13 92 48 53 40 19 33 72 36 96 63 64 10 12 97 15 16 12 41 85 72 4 68 45 40 4 11 14 66 21 96 96 54 35 47 72 99 57 66 92 23 62 95 80 66 55 40 84 31 61
52 95 23 88 32 39 98 4 4 46 32 95 35 76 46 19 24 66 53 25 23 99 34 86 95 13 51 33 74 34 85 26 6 27 82 9 24 89 9 18 98 18 19 40 21 42 92 15 85 43 67 90 32 33 14 24 93 43 50 23 57 6 21 3 75 95 9 16 97 58 40 6 33 64 24 28 56 78 9 43 64 47 96 77 38 52 83 9 12 21 66 96 35 24 24 100 27 9 87 48
21 64 96 9 85 18 30 64 62 84 48 100 67 61 53 72 35 31 100 20 75 37 100 52 2 99 18 2 34 22 24 42 45 9 92 10 26 16 14 75 69 47 6 25 97 39 74 29 33 69 66 45 40 9 72 52 100 97 34 40 96 53 54 92 74 86 49 38 97 72 11 53 99 77 51 70 85 99 18 24 22 15 56 53 62 34 93 51 88 68 45 87 81 60 95 92 86 71 95 99
100 61 10 86 15 100 58 67 69 34 37 63 44 73 19 91 93 8 100 33 38 81 30 97 22 33 95 30 83 60 65 11 40 30 59 55 65 29 11 25 44 40 5 12 53 30 42 47 53 63 20 42 73 96 42 100 17 37 59 84 43 69 36 6 86 64 97 35 81 100 67 63 10 44 55 34 91 100 58 57 62 35 2 87 31 89 76 8 64 4 78 100 64 33 91 22 72 51 21 31
7 32 58 46 63 52 42 22 77 9 35 70 4 63 90 36 67 55 1 71 25 70 6 13 25 9 87 81 100 83 14 74 39 99 87 17 67 30 79 23 46 42 52 9 27 56 79 83 17 80 25 23 30 7 48 92 86 41 23 47 1 51 57 92 21 59 35 64 82 55 73 53 52 31 94 79 15 26 93 54 34 98 63 75 74 90 74 96 23 89 4 26 74 53 49 73 13 93 21 19
37 35 82 21 62 68 20 26 48 21 13 68 48 34 39 48 80 65 72 45 96 69 10 8 49 23 15 34 23 33 6 95 90 49 90 94 92 93 95 44 74 92 7 5 12 27 51 41 78 78 90 59 45 48 92 24 89 30 38 86 43 98 90 11 66 51 11 4 42 1 94 5 38 97 70 42 90 43 36 34 91 81 30 15 94 16 47 51 90 14 92 2 78 62 48 3 90 23 74 43
60 41 98 56 50 90 55 82 31 96 73 48 75 96 91 20 15 47 74 76 44 50 70 16 50 15 28 16 84 22 37 32 42 13 27 57 56 100 70 89 29 88 48 49 54 82 55 75 96 34 82 99 47 52 30 58 65 70 55 5 70 76 16 86 69 5 12 48 30 91 13 56 66 41 53 20 80 62 34 75 41 60 54 64 55 2 16 52 73 59 25 38 70 45 15 81 99 93 53 46
82 31 11 6 68 63 57 14 77 37 94 12 3 91 79 28 28 85 63 80 48 98 42 64 70 28 61 58 77 100 64 77 83 23 74 55 45 48 100 69 61 39 60 70 16 81 20 90 54 89 64 60 36 27 16 38 89 27 42 80 64 43 90 52 8 72 43 12 23 79 29 64 21 72 79 66 97 71 50 31 90 6 35 32 75 69 34 96 10 80 35 44 34 22 62 16 27 58 45 84
44 55 68 91 3 75 56 39 47 53 81 5 22 31 51 98 12 69 54 19 19 96 8 4 77 89 73 3 47 25 1 71 99 97 47 19 60 26 90 25 12 75 28 82 71 30 8 24 79 91 44 66 63 18 52 78 99 84 34 84 68 89 18 2 92 45 68 63 73 35 99 25 58 69 88 42 58 1 63 1 56 51 9 73 90 96 48 45 58 66 87 80 26 38 33 100 79 94 43 47
88 87 27 98 64 54 60 75 65 17 96 18 39 20 33 88 16 12 35 46 21 17 88 54 89 59 69 49 96 58 89 44 87 66 75 96 58 3 17 51 10 17 74 90 40 88 3 72 17 88 78 48 75 99 99 46 89 45 75 97 31 35 65 69 81 27 71 35 51 76 74 18 75 15 94 93 19 65 80 96 41 46 96 15 58 33 85 12 26 24 23 17 84 78 72 14 13 32 94 96
5 17 20 66 78 53 71 99 20 12 3 9 97 46 70 72 85 91 93 81 64 28 76 80 7 95 82 52 61 7 85 14 59 58 19 69 30 85 14 77 67 81 81 69 59 54 32 38 92 64 68 96 68 61 87 14 100 10 42 66 36 49 75 58 73 18 38 6 43 61 91 86 36 40 98 86 72 1 41 93 91 97 37 13 64 90 35 80 44 71 41 16 42 62 53 55 19 35 58 38
65 5 89 82 16 44 45 8 77 90 50 81 50 23 62 29 81 92 21 97 37 73 6 42 55 82 95 61 53 67 26 68 72 11 88 18 77 3 23 29 44 94 62 71 14 24 83 23 48 11 4 82 93 37 74 97 47 16 72 96 48 91 71 48 72 42 93 37 77 11 3 59 47 89 78 30 13 4 77 15 56 27 1 41 38 3 89 8 22 9 8 5 22 38 56 38 77 93 68 83
82 49 65 14 56 87 17 50 56 57 32 74 28 92 84 16 54 59 66 48 52 41 56 27 44 26 22 11 59 37 60 89 82 20 31 88 9 35 60 20 39 26 7 75 90 25 84 71 63 53 29 4 5 64 88 34 35 25 16 50 26 10 50 18 7 78 63 59 73 54 42 23 39 6 3 78 65 84 21 100 79 80 80 72 49 62 71 87 93 92 59 52 82 19 2 30 79 65 93 10
83 33 24 35 78 14 27 48 40 27 44 93 57 26 20 92 53 95 58 81 68 3 79 87 100 14 7 10 93 6 66 74 73 94 90 65 66 22 96 32 37 19 21 33 4 61 31 53 15 18 65 32 26 90 11 78 82 5 45 73 65 17 66 58 42 65 47 12 57 85 97 86 7 91 44 65 78 42 1 18 100 64 59 25 13 1 100 50 97 45 57 63 27 98 48 82 22 12 28 72
25 45 95 14 70 81 63 64 82 80 90 95 41 65 68 67 59 71 61 81 82 54 39 48 22 69 76 78 41 1 56 34 89 100 26 97 78 59 21 30 4 5 65 73 32 89 45 98 10 57 51 22 36 56 42 29 49 37 92 23 31 38 44 85 53 31 69 90 11 2 16 59 80 31 34 83 71 8 30 15 93 35 69 5 22 79 11 65 81 27 73 4 85 29 96 69 69 74 41 66
21 22 36 44 62 99 82 37 17 65 90 81 52 1 20 70 10 86 13 13 47 87 38 54 97 14 39 31 36 17 69 72 21 67 63 36 83 61 65 88 29 37 82 48 11 35 52 74 95 42 41 88 55 49 49 84 28 79 25 69 40 4 18 100 57 89 30 16 61 29 46 3 1 40 85 68 46 40 48 13 5 19 43 2 29 65 38 14 34 70 31 86 12 26 63 54 42 75 36 58
93 31 98 26 92 26 4 54 45 70 5 97 3 57 26 27 42 74 14 80 8 41 57 3 69 68 17 51 89 18 30 68 28 14 32 81 90 47 3 45 16 67 22 16 51 64 18 64 16 2 29 27 4 46 58 10 37 62 68 18 72 10 55 10 96 83 33 69 51 30 97 74 11 92 76 1 40 51 76 44 56 27 34 78 80 14 51 22 97 64 47 59 1 83 9 10 74 58 28 1
31 1 98 71 71 92 14 97 30 3 44 23 83 14 30 33 22 4 71 47 77 82 86 59 18 5 84 90 91 47 51 2 50 22 39 63 78 1 61 26 46 5 89 86 64 83 84 73 16 18 83 26 90 7 67 13 65 11 93 34 58 46 43 6 61 30 12 31 1 73 80 90 10 78 40 80 82 1 77 88 49 22 39 90 90 88 3 25 45 43 8 16 66 2 86 28 82 93 64 25
93 49 8 33 43 81 13 13 75 29 60 49 5 89 82 67 22 25 21 47 66 75 24 78 57 16 68 57 62 50 100 20 84 21 25 78 69 41 79 21 90 44 26 33 99 59 80 14 11 38 50 76 96 56 94 52 22 8 52 99 85 46 52 84 56 37 82 29 41 57 6 37 91 76 75 2 17 12 59 82 28 67 1 19 38 1 93 68 33 86 43 65 68 94 71 18 7 29 72 62
9 62 15 53 93 41 46 59 70 60 32 15 28 3 16 61 30 96 58 16 10 10 16 83 89 40 69 44 51 48 94 6 27 96 18 55 58 13 88 17 74 54 6 54 49 28 83 33 71 63 44 79 93 59 92 90 98 40 79 89 15 3 57 60 9 31 18 93 65 10 56 71 41 83 78 34 78 72 32 75 62 95 100 38 66 3 95 1 70 80 29 98 11 18 76 40 41 10 76 78
7 14 79 57 16 35 35 51 15 88 28 75 33 20 34 67 65 24 92 76 84 54 98 49 31 73 72 70 38 83 43 47 62 83 92 91 41 6 55 98 80 48 18 98 17 70 5 36 74 31 20 55 50 24 63 13 51 64 9 23 44 64 28 34 19 2 8 70 61 92 6 25 73 11 79 87 42 81 38 9 93 16 30 19 79 52 51 27 63 78 22 79 6 6 95 33 22 6 10 97
16 24 82 83 74 55 6 95 41 88 40 77 71 22 7 32 75 75 19 50 39 21 56 64 6 1 35 36 91 53 55 88 83 8 64 77 15 78 61 20 4 68 48 28 70 19 82 96 82 96 78 38 35 15 94 52 51 72 60 57 35 81 11 8 32 14 95 49 44 97 16 40 93 65 53 42 39 57 88 65 36 25 97 43 23 5 29 22 85 17 44 10 72 55 49 60 37 19 68 94
57 52 84 47 34 27 72 64 7 73 4 66 77 36 68 78 55 22 28 39 84 34 44 71 8 55 50 32 100 34 78 72 30 30 17 35 53 2 13 65 16 27 47 76 41 46 10 50 4 84 28 73 88 92 51 38 25 17 33 85 27 77 31 8 92 45 74 54 72 13 71 77 28 62 73 9 32 35 96 95 84 61 44 42 6 95 34 45 61 28 95 26 85 30 67 81 85 59 24 91
81 82 34 61 86 44 81 99 50 27 57 10 64 42 65 74 40 55 100 48 99 30 3 43 42 50 11 71 67 89 74 47 3 35 84 71 13 23 44 18 64 9 50 54 93 7 51 44 63 79 3 33 71 49 34 97 97 61 15 51 12 39 73 37 90 37 86 62 51 4 41 21 40 75 86 79 37 16 5 36 12 17 23 50 56 66 72 66 52 91 54 20 10 96 44 49 62 52 71 75
87 11 93 72 75 87 2 2 42 53 36 46 89 87 1 6 88 49 72 69 2 72 25 74 31 74 16 20 39 83 53 20 29 52 59 11 34 46 94 30 39 21 27 83 96 10 65 74 46 17 99 3 47 3 51 70 33 31 93 28 37 71 72 28 61 58 76 95 47 20 45 35 72 9 3 98 99 41 2 17 90 44 92 46 47 21 81 27 15 20 86 68 72 57 97 32 55 15 84 54
76 12 64 50 36 25 95 23 32 10 89 31 64 56 64 53 31 2 82 25 65 41 48 41 28 51 16 55 27 89 34 35 16 36 50 34 41 33 8 67 26 79 61 36 97 66 66 20 93 22 19 5 83 50 2 97 85 37 40 49 13 5 14 55 27 98 60 11 78 81 90 16 44 82 75 49 27 74 27 96 26 93 8 69 53 55 17 59 92 1 41 62 98 70 58 16 64 83 41 97
23 68 92 37 16 21 47 49 47 100 15 32 54 98 92 16 39 51 32 67 23 61 13 3 76 82 67 97 25 75 30 37 64 20 43 71 5 36 84 76 97 79 69 65 70 59 72 3 57 19 28 2 27 11 42 43 96 55 56 19 61 62 90 38 9 75 42 8 71 37 83 95 66 40 5 37 28 30 35 20 3 95 61 59 13 45 68 10 91 59 74 17 32 67 6 1 79 62 66 79
6 70 63 5 24 27 48 74 18 35 66 46 57 31 90 42 55 23 24 69 35 48 52 3 22 52 22 88 76 60 30 65 2 17 4 94 57 72 94 76 26 8 68 93 80 71 87 36 31 19 69 71 94 62 52 1 55 79 69 57 21 7 23 84 19 96 8 15 3 59 46 89 74 76 70 66 82 38 29 68 80 32 48 100 74 67 87 80 84 17 8 60 15 53 44 7 45 96 1 15
44 60 17 39 13 10 91 64 88 49 32 78 41 69 69 33 37 74 100 19 23 33 18 11 40 39 62 43 37 8 99 2 83 66 91 25 27 15 76 47 43 4 56 83 20 7 23 9 58 50 83 43 93 5 72 52 98 93 25 86 81 94 75 45 100 54 59 64 67 99 93 40 1 87 95 13 20 94 99 96 57 84 66 22 43 71 65 87 35 27 48 67 30 20 96 43 94 20 57 47
15 38 97 58 36 74 60 43 77 78 72 22 10 16 50 70 87 48 86 78 17 9 60 34 73 51 84 88 79 84 26 78 86 16 73 49 71 56 29 22 95 10 11 44 4 5 82 47 6 16 79 87 22 22 92 12 92 27 48 68 18 82 78 69 60 48 92 18 41 47 54 84 6 16 40 13 9 1 12 55 49 27 43 2 48 7 21 36 5 88 62 32 23 69 36 17 49 55 51 100
68 77 33 68 10 86 6 42 13 34 32 44 59 5 38 37 70 56 58 54 95 10 18 55 86 22 29 25 34 61 38 59 19 67 31 63 7 49 49 6 50 25 75 10 79 73 14 70 16 49 96 59 9 40 100 78 52 5 92 42 21 26 64 87 46 89 26 63 62 36 98 73 69 14 49 87 55 28 8 40 94 50 63 54 29 95 83 100 79 66 38 95 23 14 97 69 49 66 66 82
69 17 9 75 6 25 65 93 62 35 87 48 28 10 94 87 34 63 99 49 40 9 51 56 80 24 62 52 44 80 43 72 25 94 57 37 41 6 80 91 40 27 5 21 26 35 34 50 68 64 73 81 59 53 86 77 1 93 11 81 27 25 20 31 59 45 11 46 7 88 21 86 65 43 38 83 8 83 66 52 43 94 17 81 9 12 11 51 56 25 83 91 14 22 1 5 97 12 31 82
82 56 93 61 73 90 91 50 82 31 19 72 3 12 2 60 76 44 32 53 55 32 75 14 65 39 99 82 65 76 31 58 28 82 36 12 4 11 56 3 33 42 88 7 20 51 89 26 66 30 62 67 64 58 10 10 93 35 34 60 53 20 54 9 91 90 69 47 62 55 16 17 31 70 14 28 6 83 65 48 61 41 56 22 89 19 33 68 24 56 33 21 55 66 62 3 97 28 48 51
15 38 80 92 25 17 12 51 97 76 71 89 31 63 8 92 33 98 48 71 36 28 29 85 58 36 76 33 89 55 74 87 67 80 79 61 20 72 35 40 1 74 74 41 27 38 18 32 28 52 46 63 19 4 97 86 50 91 43 90 90 61 51 31 83 4 34 47 94 47 79 68 55 88 99 57 80 59 99 35 41 5 47 17 47 88 18 6 18 27 32 54 42 12 58 100 29 4 92 70
17 38 11 54 29 32 26 51 72 74 98 47 6 85 25 100 42 99 83 100 84 44 2 74 100 69 16 61 39 74 90 47 31 93 76 26 61 24 62 34 66 83 41 19 86 23 77 40 78 51 21 5 31 9 70 89 36 71 53 22 75 83 56 85 70 83 89 93 81 17 67 7 10 74 57 52 13 21 62 30 74 38 36 100 79 32 79 99 38 20 36 4 3 31 73 56 77 97 43 74
27 71 31 72 64 86 20 85 16 81 58 85 1 9 71 77 8 51 58 68 74 62 41 38 81 89 17 61 80 11 1 33 29 77 27 20 72 44 74 42 89 44 1 21 77 32 47 72 3 79 67 21 64 34 17 68 39 3 54 90 23 53 68 47 21 1 26 76 62 64 39 87 25 54 56 10 69 31 87 2 10 32 81 9 40 28 88 51 72 15 73 2 98 71 92 35 66 73 18 86
7 10 10 33 52 91 39 57 29 14 60 58 42 61 73 80 87 16 85 18 35 6 57 78 77 68 92 61 92 66 51 64 33 2 51 67 95 70 93 93 21 8 69 76 80 88 70 11 3 98 45 13 22 64 8 32 20 66 61 37 95 52 34 18 77 44 75 89 76 44 50 43 93 62 99 9 66 3 57 37 1 85 79 61 56 72 22 35 31 71 34 84 3 6 31 11 32 63 62 80
20 37 36 94 41 76 70 80 45 35 9 91 14 82 8 60 93 92 52 56 98 44 20 1 76 42 25 75 32 4 67 95 16 9 96 94 14 6 77 97 94 80 27 31 84 9 91 93 21 82 6 57 25 100 34 33 38 74 65 66 99 31 55 2 83 20 5 55 70 60 56 77 20 73 67 47 9 10 61 13 92 39 19 96 33 41 33 35 81 55 18 36 67 96 29 14 8 1 89 46
54 61 84 79 62 84 76 87 95 77 94 90 63 99 47 25 20 53 80 75 61 73 77 34 22 70 34 54 45 58 100 2 27 94 13 11 30 51 58 29 4 25 37 39 48 30 40 58 71 41 80 97 34 88 93 100 99 78 89 26 77 93 19 83 27 23 98 58 59 87 10 79 11 23 47 48 32 40 36 37 87 69 13 94 21 59 71 68 9 65 87 11 20 47 78 14 80 36 8 15
53 4 84 36 4 23 19 90 32 36 31 66 14 13 94 97 76 19 79 40 22 93 28 99 57 100 100 42 92 73 47 54 16 86 24 65 90 1 90 12 30 99 46 7 86 9 52 22 16 69 36 7 49 78 51 29 70 63 70 47 53 25 26 31 84 48 28 53 59 49 71 38 40 13 24 90 46 40 86 94 30 79 54 90 54 94 4 14 6 58 59 38 98 74 69 7 57 84 23 52
46 15 47 41 40 62 35 66 58 47 5 80 65 89 7 4 81 95 45 48 78 35 64 82 14 82 1 25 67 16 23 42 71 30 10 100 12 34 100 20 65 90 88 28 36 45 84 25 90 91 99 34 96 87 72 75 71 38 26 38 82 9 68 32 70 83 59 79 30 56 5 27 61 45 92 31 61 25 72 93 25 12 5 56 5 38 28 41 52 46 19 76 30 59 88 89 60 78 34 47
8 89 90 95 21 80 13 60 19 14 13 41 79 7 5 43 13 87 68 69 57 97 29 49 11 1 100 46 39 43 17 55 85 97 50 89 37 78 54 95 89 96 71 64 58 11 51 98 97 100 15 38 70 37 80 81 86 41 87 25 92 21 93 63 37 84 74 3 81 45 91 96 85 31 3 19 51 82 36 6 63 79 22 57 87 64 3 67 81 53 78 84 48 46 61 11 4 18 42 96
9 71 78 4 82 75 89 20 67 94 56 93 84 97 60 97 89 95 2 51 26 14 4 35 53 36 55 84 26 74 21 85 94 69 36 98 24 59 68 49 88 8 18 69 33 30 30 90 38 2 90 57 11 72 79 88 37 64 83 77 39 98 3 48 54 34 36 43 19 81 33 14 56 40 3 50 81 58 83 28 11 40 87 17 30 11 7 49 78 86 98 31 15 68 42 28 26 20 80 42
44 11 3 81 21 58 98 66 63 60 100 68 4 91 52 76 38 50 57 18 2 81 24 97 90 69 75 25 95 93 84 79 69 86 55 16 85 49 64 91 49 58 84 25 26 81 86 26 58 14 81 85 19 15 24 39 64 20 69 72 27 14 1 82 67 81 88 42 62 23 36 44 74 38 29 11 67 95 96 97 80 63 90 44 87 70 39 97 74 11 45 92 40 91 27 28 10 42 27 48
22 38 91 90 70 25 84 31 37 37 31 71 23 25 89 42 45 51 48 92 50 36 18 5 64 88 97 64 35 83 20 45 12 43 45 4 36 47 59 52 54 94 82 39 7 68 37 60 17 82 72 55 26 25 22 28 81 21 88 90 44 21 38 77 28 38 89 70 6 35 86 38 96 12 10 70 84 60 51 69 7 39 70 62 32 8 85 68 85 25 83 47 71 12 78 17 82 74 20 56
7 91 52 78 46 85 55 75 38 40 38 73 35 53 79 66 30 21 60 97 58 57 39 86 50 44 91 27 38 29 9 39 4 17 6 91 8 30 24 82 53 85 99 33 73 74 39 66 50 38 55 15 59 25 87 71 15 80 22 70 72 93 37 70 23 54 52 89 1 15 38 91 77 71 54 39 37 4 1 6 86 33 1 15 32 93 100 79 97 82 6 99 44 47 23 86 93 46 49 48
27 96 56 87 58 50 50 81 95 32 53 75 65 52 23 53 1 41 58 29 91 84 68 32 94 23 28 94 38 72 17 37 69 81 11 61 77 69 92 3 63 69 60 71 79 9 100 11 74 72 80 21 95 23 23 48 83 73 83 50 87 50 65 19 91 65 74 17 44 54 39 16 42 77 62 41 51 89 5 3 43 40 58 63 72 3 44 83 49 36 2 22 26 98 93 23 10 29 30 4
5 27 44 20 10 70 35 38 7 79 98 100 12 19 98 12 82 36 95 42 13 37 94 23 48 5 24 100 20 41 31 49 70 49 14 83 32 86 97 32 70 5 66 70 69 38 69 99 49 65 95 52 48 56 53 8 74 99 7 66 2 89 40 92 17 84 50 98 53 11 79 34 92 93 17 10 51 44 26 69 1 75 93 37 72 25 75 77 59 40 13 97 16 81 93 14 16 68 44 52
67 53 11 69 62 72 52 79 12 71 23 13 62 50 20 50 23 60 63 78 54 27 3 66 75 76 99 46 13 100 39 29 52 42 1 3 98 46 63 26 17 73 88 95 89 46 37 70 84 33 62 36 13 98 33 72 69 55 78 92 43 25 43 38 99 25 67 87 53 15 97 33 55 23 62 27 36 87 95 5 54 35 92 19 87 87 10 43 7 18 85 5 13 84 18 85 84 69 26 74
43 86 27 42 20 81 89 70 24 68 67 60 19 11 44 73 92 71 3 68 14 85 21 12 61 22 81 73 30 95 13 38 53 5 17 57 30 95 88 55 42 55 85 98 74 57 50 92 44 61 35 98 29 64 58 89 22 26 11 27 75 43 61 58 29 14 50 40 15 29 84 30 40 14 4 11 35 25 87 79 58 71 90 45 7 78 75 52 32 11 74 73 10 41 17 58 53 98 38 53
21 38 12 52 72 50 69 87 30 51 35 15 81 51 74 82 18 9 92 2 91 100 94 94 71 68 31 79 71 9 18 83 11 91 45 92 52 3 83 75 71 90 81 27 26 59 17 11 49 87 38 78 99 54 20 39 42 57 27 68 97 34 14 47 29 52 98 94 66 16 75 86 18 19 22 51 70 13 71 63 4 33 81 69 56 1 92 79 95 97 74 85 6 35 41 20 67 29 60 55
92 39 28 25 15 70 61 39 57 10 49 95 63 19 96 2 59 5 5 18 79 89 44 2 9 38 40 42 1 22 27 42 80 18 51 58 54 91 75 16 63 77 87 93 30 68 68 57 38 2 79 20 60 64 16 68 48 40 74 13 23 50 2 71 9 10 75 80 76 50 48 89 65 52 8 72 85 94 53 86 54 27 28 78 87 33 15 47 66 45 64 62 5 83 29 3 23 35 57 80
35 70 39 74 69 33 64 41 28 27 13 22 4 93 18 11 24 59 32 41 35 57 90 12 3 47 94 40 34 52 45 44 72 61 44 68 81 61 29 2 3 84 55 76 46 40 73 67 52 31 40 4 27 15 19 80 57 19 86 69 18 27 42 83 8 17 41 10 39 80 64 90 74 5 25 36 42 84 46 91 33 17 79 63 14 32 11 45 51 30 72 47 83 22 77 69 13 19 71 16
17 34 28 62 85 45 40 3 14 9 40 54 77 45 68 26 100 21 51 83 90 30 26 48 37 74 1 75 5 2 93 51 81 70 99 8 65 18 63 88 88 34 56 20 79 59 63 78 21 63 79 94 56 57 28 23 20 55 23 28 87 88 64 22 69 9 45 11 88 50 59 79 51 17 14 18 78 22 97 50 78 49 94 43 86 68 31 100 5 41 78 20 6 51 23 49 48 8 27 15
48 94 3 80 27 84 25 3 4 20 10 83 73 66 17 89 61 39 31 88 62 7 23 71 32 52 44 61 86 53 29 93 15 18 12 68 36 64 26 27 60 55 13 95 71 41 28 84 79 34 31 2 28 2 6 30 76 71 11 100 79 8 26 12 15 13 73 34 29 24 76 66 70 52 59 52 37 3 29 45 22 69 40 6 8 46 98 72 38 76 13 21 95 39 51 68 86 89 51 15
28 34 60 29 38 54 11 30 69 20 51 79 53 11 73 77 32 91 96 34 62 19 50 53 62 76 91 50 14 8 82 90 48 64 54 51 20 59 70 47 65 24 8 58 84 53 23 98 38 29 51 83 12 75 93 42 44 61 95 44 38 51 45 51 74 59 85 93 16 49 44 5 51 91 45 14 6 35 53 1 89 20 76 43 96 69 87 75 69 64 98 97 74 90 89 66 52 63 13 14
46 61 48 48 89 60 25 76 33 53 4 95 84 59 70 6 74 82 20 16 29 29 97 50 58 77 9 20 99 24 83 66 78 51 75 94 74 44 41 31 56 23 88 67 21 15 94 53 90 11 82 78 20 38 76 5 74 24 38 36 27 94 31 97 28 95 52 45 62 91 4 96 15 12 56 81 63 56 27 63 1 79 44 16 99 6 78 61 18 22 47 55 17 28 20 48 60 21 20 12
12 53 87 18 34 10 4 82 38 90 11 9 77 21 48 63 88 52 68 43 74 88 53 87 11 83 67 90 23 80 22 20 82 50 17 33 85 55 66 24 74 93 75 57 11 64 7 97 13 65 37 37 70 22 75 98 55 87 48 55 79 5 79 32 95 73 47 45 57 12 51 74 95 8 41 5 72 21 44 76 28 73 34 94 86 80 79 92 55 4 61 36 42 52 82 96 3 16 21 51
20 24 74 41 29 89 53 77 78 88 91 68 87 4 62 55 19 2 30 83 89 2 33 20 6 29 100 36 63 77 38 38 59 97 25 15 100 82 46 55 3 85 18 51 44 21 18 26 43 15 74 1 63 16 74 91 13 32 41 21 57 89 91 62 43 13 68 31 96 79 81 89 94 47 3 83 17 29 54 74 51 32 27 53 15 56 25 26 90 72 52 62 74 88 91 68 22 49 40 1
9 6 6 86 18 36 30 67 25 65 81 59 20 53 48 56 20 96 13 64 44 54 22 88 62 81 47 99 30 65 21 14 24 22 64 83 61 26 28 52 84 70 99 38 4 34 2 73 46 49 91 5 1 30 14 29 38 46 86 23 13 5 94 5 63 26 83 11 18 50 93 93 42 23 33 94 13 11 29 44 29 30 2 78 64 40 33 39 84 93 29 41 37 37 88 55 44 19 88 30
37 55 36 62 15 71 67 7 34 80 8 90 73 29 15 73 89 12 54 74 82 39 88 44 48 80 66 54 85 73 91 25 14 83 1 39 83 97 36 81 2 52 91 37 10 32 85 9 48 94 30 4 42 35 30 52 40 7 73 4 4 60 27 14 61 52 46 21 26 90 41 89 7 92 75 63 8 33 29 63 25 49 53 47 46 7 80 18 60 42 20 88 83 23 25 40 38 76 32 75
20 6 34 91 16 20 28 88 31 25 19 13 56 98 22 94 37 78 21 49 32 33 32 63 4 12 100 40 21 81 30 86 45 5 26 13 13 8 25 75 79 7 18 26 93 49 77 18 58 7 26 85 32 44 5 68 14 9 97 84 70 52 82 12 41 19 53 73 66 47 83 36 81 50 47 66 1 26 100 2 19 63 58 58 84 26 6 15 25 99 80 63 25 24 72 96 53 11 40 86
23 51 25 55 99 21 49 26 94 76 76 74 59 46 6 33 96 85 47 1 17 6 4 1 43 19 61 19 19 87 71 97 48 14 48 1 94 98 93 25 5 97 36 7 54 59 13 97 24 11 82 29 65 57 17 51 94 47 13 43 13 17 85 4 89 57 92 49 27 91 38 80 47 7 82 84 76 44 52 35 4 49 64 47 16 46 24 56 36 1 99 75 73 46 47 45 74 84 68 55
56 12 33 65 82 79 90 69 61 79 47 93 25 62 64 51 75 7 21 24 35 65 68 31 5 17 80 76 16 50 61 20 75 47 86 86 88 37 45 66 49 77 81 14 21 4 20 14 51 41 23 92 81 39 7 43 43 48 61 88 73 69 66 55 39 83 60 43 23 92 3 64 8 54 95 31 45 41 76 19 52 20 75 55 4 78 77 52 57 21 94 29 90 35 84 48 3 43 43 62
33 10 95 90 7 66 88 42 30 34 57 62 14 52 77 5 58 56 13 10 50 61 6 43 24 33 54 68 25 52 80 33 41 73 29 88 44 1 49 38 58 91 91 16 78 16 20 63 6 35 92 79 86 24 46 3 50 67 61 61 24 10 75 7 87 54 51 43 88 50 57 7 63 8 45 32 10 26 84 8 32 60 30 37 65 38 57 12 23 25 24 86 20 13 88 61 26 77 47 18
72 46 49 30 91 37 28 7 83 100 74 84 64 99 18 3 19 35 71 62 49 50 76 8 97 64 33 70 64 50 77 25 22 21 85 49 72 77 59 83 98 59 22 27 50 7 85 74 44 14 78 77 15 71 53 77 75 4 21 34 56 4 10 49 40 75 84 3 17 53 95 78 53 58 11 38 18 22 6 29 4 80 24 46 56 72 66 16 2 42 18 49 38 89 89 57 16 15 86 57
22 41 67 23 50 95 54 76 44 38 90 20 91 41 77 45 94 89 100 98 94 20 76 76 27 75 95 25 16 51 93 5 95 1 12 95 52 64 18 30 88 68 92 47 69 5 2 16 28 42 14 33 100 22 45 30 57 51 52 42 31 25 26 2 96 17 46 13 23 99 60 83 94 44 73 87 62 88 51 97 74 7 41 51 30 34 58 28 45 93 59 7 85 54 68 1 65 56 20 9
26 2 32 79 50 54 32 31 95 69 63 83 100 11 20 56 33 74 82 44 23 96 85 64 6 22 21 9 94 8 62 60 91 81 37 26 97 33 46 43 94 6 6 35 18 71 68 94 18 4 62 48 72 77 41 37 82 17 13 70 19 79 74 21 77 78 39 57 25 42 63 4 13 85 6 39 92 87 4 27 63 82 45 40 22 37 16 59 69 62 65 48 64 30 61 24 12 72 28 67
36 93 38 69 42 31 40 77 3 79 93 63 46 73 61 78 19 98 2 45 55 87 53 76 65 76 10 13 52 46 13 48 84 18 36 74 35 75 83 93 77 23 35 48 37 44 34 84 89 69 98 16 28 86 44 9 75 51 75 45 58 17 65 53 7 1 92 64 78 83 29 26 91 78 73 12 14 65 13 42 78 9 12 75 40 28 95 67 28 41 20 87 84 41 73 93 19 14 55 30
57 53 98 8 6 25 28 95 80 10 2 26 8 68 61 34 43 48 53 31 41 55 82 84 87 77 92 76 90 12 73 8 23 94 67 99 28 64 87 47 43 88 28 46 25 12 33 53 53 56 59 8 15 85 41 26 87 87 60 74 35 76 73 78 60 46 36 56 51 15 51 66 38 47 80 33 84 62 55 1 23 90 8 34 64 11 48 15 5 1 73 84 86 34 55 33 84 53 64 30
45 18 60 23 35 35 97 16 89 94 68 25 63 99 53 78 86 33 96 31 27 20 56 66 55 6 28 77 7 63 32 33 32 65 25 39 37 39 84 86 64 32 48 17 59 99 74 95 92 2 52 64 3 48 21 6 6 92 4 56 13 27 47 5 51 3 66 77 12 81 96 27 13 91 78 50 21 42 2 41 14 59 89 52 51 61 71 86 83 51 38 32 78 98 6 15 53 29 80 45
