100
84 95 17 36 19 68 5 22 33 49 1 65 82 54 24 45 5 87 89 93 81 28 97 43 90 3 76 54 53 78 61 97 58 69 51 62 77 90 64 43 95 23 7 91 89 96 58 68 29 46 1 71 68 75 10 9 35 71 25 1 42 17 86 41 46 59 96 98 91 87 52 26 17 58 10 32 14 84 19 31 96 48 33 39 98 81 67 68 9 11 72 11 65 63 81 6 30 79 92 3
40 17 36 96 21 94 91 9 57 17 55 50 86 76 24 3 77 59 56 86 48 13 40 4 30 95 99 62 56 81 12 97 54 14 57 24 21 71 53 73 26 89 21 50 79 19 71 33 56 10 39 2 84 35 46 24 21 44 31 27 38 23 12 97 44 7 62 54 3 97 57 64 49 42 14 70 19 33 29 92 7 83 49 72 50 38 30 48 74 99 78 92 51 27 75 13 70 40 40 15
46 55 54 22 70 37 69 27 18 46 75 37 78 85 64 93 8 90 51 43 6 32 80 98 6 59 74 52 72 45 55 41 97 26 17 48 81 58 31 79 16 54 45 55 37 75 32 40 91 22 34 42 83 3 16 92 45 45 72 79 10 73 10 83 70 98 82 69 55 8 16 100 26 56 30 26 32 64 45 2 28 76 54 67 86 23 75 70 11 58 58 56 56 97 14 66 44 95 68 74
50 9 83 6 50 90 14 58 95 49 98 77 77 22 12 76 16 26 84 73 8 65 12 74 34 41 86 96 63 73 23 49 36 35 96 60 66 26 71 92 6 82 63 43 35 9 35 81 83 94 48 47 44 76 33 49 80 17 19 56 35 31 20 4 35 83 65 34 8 9 99 23 61 67 21 88 27 81 40 92 84 68 43 27 55 1 81 62 82 21 76 39 4 66 19 83 84 33 99 80
18 82 18 80 73 96 24 46 76 89 30 47 64 40 84 50 81 21 9 20 77 5 98 83 42 15 71 84 36 89 89 94 62 63 41 49 32 12 63 27 41 23 75 14 82 54 63 34 22 20 57 24 47 4 32 43 25 47 21 41 58 3 61 17 78 2 71 48 15 44 75 22 12 69 24 51 13 5 45 10 15 50 88 40 62 43 67 44 58 41 69 9 33 50 83 1 33 88 69 89
51 13 67 32 76 88 59 16 51 14 38 54 26 34 59 58 36 66 63 60 43 72 70 77 95 91 32 44 27 13 19 42 74 16 20 36 53 12 48 25 35 85 17 51 88 66 50 66 3 1 23 10 53 23 72 24 91 74 91 20 60 37 28 9 46 48 57 58 31 5 18 56 53 74 7 64 34 8 96 10 41 99 56 90 89 43 16 94 85 99 86 84 28 92 29 54 70 16 75 35
94 2 86 51 45 57 100 5 26 61 57 68 48 30 13 41 85 56 30 24 57 17 78 1 63 77 77 63 65 83 46 9 94 13 28 77 63 33 63 59 30 25 22 11 3 48 83 50 11 50 33 12 67 6 42 45 61 65 85 58 37 98 77 79 79 8 7 63 79 84 4 61 72 39 63 72 98 62 33 81 30 52 70 21 27 88 19 7 82 28 93 18 37 97 57 42 33 36 11 99
9 12 76 51 14 81 79 10 12 36 100 75 41 28 40 36 97 12 68 84 54 10 60 84 65 68 9 48 4 77 57 75 89 42 35 86 51 25 27 81 35 18 64 86 10 8 72 43 85 10 79 54 69 91 70 59 73 86 34 92 36 50 13 35 67 14 8 65 39 56 22 70 78 75 12 13 96 65 78 85 48 34 52 72 56 54 36 39 57 81 71 74 46 77 6 22 44 59 4 100
38 58 1 19 61 96 37 33 31 3 33 2 60 23 32 6 33 84 54 52 1 67 69 47 40 48 89 72 98 59 98 79 4 19 92 70 25 89 74 100 7 65 65 63 74 2 99 1 62 74 83 51 33 77 16 70 64 24 38 85 94 16 11 39 93 94 82 23 56 82 32 81 52 65 63 95 99 52 76 80 93 45 4 19 33 67 7 47 28 37 84 86 45 83 70 55 93 12 11 9
27 55 26 53 22 17 39 22 17 66 60 43 52 96 20 65 98 8 78 63 6 19 51 98 77 4 40 56 24 6 16 84 22 44 13 39 77 74 28 65 34 35 54 39 21 58 96 59 34 66 6 45 5 41 20 69 68 6 65 5 6 5 53 100 10 100 88 39 73 24 23 3 33 94 39 91 90 98 84 3 70 83 43 33 64 76 63 76 9 71 24 86 91 48 37 6 73 64 92 97
67 59 40 76 13 66 30 99 6 57 27 25 15 28 45 80 89 36 75 93 43 97 74 87 96 10 41 9 81 64 1 74 77 6 54 89 92 96 56 47 89 7 25 11 23 21 42 12 51 65 41 87 60 9 10 81 3 30 60 13 44 12 2 1 92 99 93 5 33 16 81 92 19 96 72 83 36 2 45 72 18 47 72 51 31 11 37 47 61 57 47 15 64 7 20 58 97 36 50 84
52 10 48 38 12 67 81 17 77 62 64 45 26 34 1 11 80 31 98 45 19 39 82 42 52 71 22 6 10 22 69 14 9 46 2 99 48 42 59 87 45 14 19 61 43 49 87 50 43 48 78 12 87 96 96 82 35 74 49 44 17 64 53 44 84 47 34 37 39 71 35 27 98 27 8 95 69 17 11 49 72 64 5 31 15 16 18 83 27 9 48 88 96 8 63 49 37 58 5 19
97 47 32 36 71 83 28 100 68 66 13 83 3 97 74 26 10 90 27 58 19 56 44 31 33 32 82 70 44 75 18 65 66 30 92 71 12 54 57 74 72 96 20 52 88 88 62 6 15 15 32 11 87 11 97 8 7 54 19 5 65 14 18 100 54 16 83 51 57 34 11 27 78 74 57 20 92 60 80 18 8 87 28 40 23 61 78 35 30 92 42 17 41 43 20 31 74 4 35 24
54 65 82 79 48 6 63 16 29 95 16 90 64 10 72 43 99 43 64 40 14 70 70 95 26 85 85 75 28 31 93 98 67 48 65 96 44 98 11 23 64 23 36 62 55 88 75 75 39 17 38 92 71 82 51 89 93 50 45 58 58 69 67 78 44 67 32 56 92 95 56 25 14 66 6 87 53 93 38 88 79 91 29 42 77 55 59 78 31 64 71 90 2 62 21 95 14 58 28 15
18 45 83 31 69 58 34 56 30 36 89 27 8 33 32 51 40 88 19 38 42 76 44 86 66 54 75 77 87 13 9 3 80 32 32 80 43 59 41 14 90 66 11 67 60 23 88 58 100 18 50 2 80 21 83 11 85 61 44 45 24 75 98 34 68 75 34 36 62 15 83 44 69 31 45 45 20 100 12 47 33 49 29 69 12 89 53 72 94 34 60 82 70 42 64 32 41 31 9 96
4 88 91 42 4 87 54 55 57 21 57 46 43 56 23 95 53 50 53 53 95 30 88 33 79 64 82 95 82 29 71 79 24 32 38 84 25 21 63 23 85 30 87 96 35 85 54 100 5 70 60 55 55 5 76 68 61 9 33 37 17 94 53 5 30 81 71 23 33 63 83 5 38 55 1 48 11 82 38 33 15 59 58 49 6 87 31 25 6 3 72 17 97 97 18 50 78 28 75 90
61 39 19 79 95 79 76 98 9 100 48 37 47 17 70 91 80 7 22 63 84 21 64 68 6 5 48 23 40 48 45 25 39 82 31 23 51 8 63 55 95 59 12 49 13 34 61 45 5 35 36 7 50 58 13 5 64 89 19 91 36 7 50 53 65 95 2 40 88 60 87 38 71 83 49 100 41 48 34 56 13 5 86 76 7 31 62 52 51 26 60 19 2 19 98 37 98 84 77 31
65 80 43 11 35 32 4 18 11 53 70 75 64 26 11 82 41 8 64 13 19 96 31 62 58 21 72 53 1 92 19 23 58 96 72 83 53 69 44 59 79 27 88 39 86 74 4 66 19 77 10 69 81 79 75 72 36 69 60 57 100 94 53 36 27 24 54 41 88 95 94 4 89 71 17 54 72 28 17 99 25 49 1 47 15 27 96 65 20 7 95 50 22 7 58 22 80 31 8 17
4 14 38 100 66 4 89 78 80 6 93 45 23 50 8 83 70 95 56 50 74 63 49 76 91 15 7 94 5 6 26 19 60 30 47 52 48 64 79 79 99 26 33 28 29 62 16 94 23 72 40 30 83 52 66 89 95 5 27 55 10 57 46 72 54 55 17 94 24 9 35 99 22 13 24 37 7 86 77 7 16 22 23 69 5 43 96 91 26 71 71 42 15 12 73 39 77 32 6 56
99 20 50 64 67 91 83 19 2 10 86 26 95 41 71 28 90 24 70 29 4 3 15 18 56 19 26 33 90 78 55 62 59 93 84 42 60 56 81 86 40 41 47 36 30 97 8 94 28 39 86 60 49 2 94 71 90 10 59 77 79 45 3 62 74 48 76 43 16 39 47 75 34 41 37 64 99 25 15 51 1 12 84 50 81 32 97 89 79 40 4 35 5 89 39 38 94 88 71 61
90 10 100 85 77 88 40 50 5 35 96 76 64 94 14 81 20 97 39 85 45 82 98 55 20 34 82 65 53 39 53 64 32 7 85 13 75 51 79 79 56 33 46 8 92 51 65 45 47 5 93 34 18 96 53 26 16 76 38 12 2 75 49 66 93 3 34 13 54 82 55 46 20 68 18 47 11 37 100 77 80 63 54 40 48 30 20 51 10 10 39 78 69 65 91 25 21 46 74 35
52 53 40 59 68 55 23 22 92 92 20 57 100 52 11 68 97 15 92 42 56 73 75 87 38 21 20 44 64 47 86 26 27 59 45 2 34 80 94 23 23 78 40 13 56 88 72 77 15 5 4 24 72 1 55 28 69 50 52 40 70 92 41 59 46 77 26 8 21 33 55 69 76 42 42 82 26 23 8 87 93 38 29 100 40 70 85 15 74 74 74 71 51 67 72 37 97 76 76 16
62 71 89 37 35 15 50 78 56 12 7 14 79 75 82 82 78 55 93 95 49 3 15 76 51 29 99 20 15 6 31 83 87 26 100 37 4 50 1 64 57 49 23 71 28 92 52 31 1 38 27 69 2 34 78 36 82 6 97 37 86 71 34 35 61 26 85 4 99 23 99 41 73 60 57 61 54 57 35 18 21 1 29 39 57 47 8 13 21 61 70 70 9 33 66 19 48 75 100 70
21 90 91 63 79 10 12 53 80 53 34 23 85 97 34 100 58 81 21 46 74 60 11 70 32 34 87 20 45 76 52 92 16 30 66 21 49 3 38 6 10 85 25 38 71 50 96 40 26 90 76 83 82 73 4 10 87 39 24 72 78 38 46 25 17 45 19 24 58 7 15 12 5 45 62 72 58 51 64 12 67 48 37 57 86 5 52 28 55 68 17 18 41 5 5 50 5 17 19 87
10 29 80 87 63 45 34 72 22 98 73 27 35 20 14 3 56 32 24 91 30 89 79 14 92 25 14 9 6 19 10 74 45 83 57 12 9 81 76 99 71 21 51 93 100 86 48 9 66 34 71 23 57 62 62 25 25 14 13 8 34 43 7 57 31 15 97 26 11 37 26 92 45 57 20 11 48 14 66 36 51 58 42 81 65 30 25 97 62 59 97 47 47 33 34 57 41 6 9 33
54 84 64 35 21 78 86 12 13 60 57 59 78 26 5 80 28 23 37 21 61 18 23 52 55 52 60 69 73 79 56 30 4 11 79 24 33 92 85 88 81 95 28 30 17 88 87 32 71 91 73 30 41 17 2 13 49 21 21 2 96 56 95 8 11 30 99 100 22 42 6 24 15 16 85 13 35 5 4 10 3 2 46 2 58 17 71 13 37 8 96 6 43 63 37 87 41 37 91 78
57 46 97 3 63 35 44 85 96 5 66 13 79 50 79 64 64 53 21 33 6 37 74 83 12 97 87 16 8 47 68 58 8 86 97 65 57 88 99 97 100 83 38 5 70 10 5 49 79 95 5 76 30 20 15 41 100 58 73 70 7 30 77 45 9 83 2 50 77 26 11 82 75 77 43 75 66 41 24 72 51 81 30 46 28 52 53 66 72 46 78 21 17 76 11 94 26 60 98 55
15 59 54 83 85 21 26 42 34 96 15 89 100 53 61 71 4 19 31 24 23 1 42 34 100 26 33 1 61 47 62 75 51 77 40 52 58 24 26 86 94 43 31 40 38 89 54 76 43 19 31 59 44 98 2 4 31 44 84 43 77 38 97 99 77 61 21 25 54 62 37 48 14 70 63 38 49 37 88 48 11 13 10 57 33 83 46 19 70 10 8 39 37 2 93 42 69 43 91 11
2 82 11 30 10 52 44 74 78 19 100 68 25 73 99 88 45 2 22 95 25 59 92 53 7 7 98 16 83 75 85 33 56 34 58 31 14 51 81 56 71 85 85 74 85 98 3 95 8 75 32 13 84 12 28 66 46 61 53 93 60 64 45 91 9 36 7 76 74 49 55 97 73 97 28 8 4 2 65 67 10 56 39 76 55 13 22 60 82 4 22 10 22 67 84 30 18 45 20 19
54 79 53 24 29 45 4 66 12 19 6 39 7 36 97 89 58 22 11 74 43 51 24 26 39 33 61 73 69 53 77 43 66 29 41 77 77 29 46 74 55 6 85 23 55 74 47 10 30 19 82 81 85 84 72 33 33 88 37 88 20 24 82 88 38 74 84 5 63 83 46 54 59 71 3 75 6 3 56 2 25 72 53 7 68 53 1 84 38 20 51 88 54 21 62 63 15 8 60 71
94 10 47 90 70 41 36 64 80 55 16 46 8 100 92 83 48 83 72 58 4 35 48 64 58 14 73 99 55 77 89 79 5 49 57 56 78 98 95 5 97 34 9 24 100 44 100 21 14 29 64 63 1 87 79 52 18 73 24 24 100 14 58 82 6 45 5 94 61 76 5 54 6 11 5 79 99 32 25 14 52 21 90 3 44 89 69 33 49 75 83 95 8 75 36 43 32 10 75 71
74 96 29 16 89 100 100 79 19 76 50 29 83 57 10 75 97 5 54 98 99 63 41 27 17 96 27 66 19 28 78 48 89 30 36 70 63 43 51 57 91 75 4 10 96 38 15 7 40 51 5 83 52 51 47 100 49 72 78 7 3 50 15 48 62 42 5 77 41 25 65 71 62 51 50 86 37 68 17 49 37 99 38 4 20 57 72 55 10 48 41 27 84 65 10 91 29 7 85 71
38 98 11 44 94 6 65 56 28 87 86 87 32 36 43 22 15 71 49 27 51 93 13 69 30 2 78 54 10 63 4 38 29 49 49 89 30 69 96 68 48 39 47 64 85 7 45 72 17 11 29 44 8 21 62 54 73 51 91 79 41 60 61 37 96 72 94 20 66 16 100 83 80 71 55 16 8 76 83 7 2 41 25 67 33 72 95 77 10 80 47 4 38 39 60 73 46 93 19 8
74 15 37 4 6 100 48 80 57 23 35 49 47 91 5 46 58 40 97 82 3 91 63 57 69 91 19 61 22 13 55 18 14 81 46 43 69 46 94 15 8 20 49 8 26 92 96 64 99 35 92 25 17 54 53 65 15 98 23 97 66 100 55 81 58 55 35 65 17 65 82 78 18 86 18 100 80 15 79 94 88 22 42 3 45 79 85 48 74 54 35 54 17 22 67 17 62 61 58 36
26 49 92 19 89 67 42 19 50 33 61 10 37 85 54 59 81 40 19 86 91 17 57 14 83 22 90 46 98 11 4 11 40 93 27 84 78 21 92 7 38 54 75 75 10 96 38 17 51 54 34 24 31 53 65 44 32 77 84 81 54 33 76 47 99 98 84 49 90 65 49 80 86 90 8 17 83 11 15 78 13 36 38 33 37 90 12 45 4 67 3 29 31 47 76 86 79 100 14 12
8 67 100 68 61 24 73 57 53 9 12 17 57 76 64 45 68 6 86 7 68 44 84 58 79 88 20 75 20 35 94 7 99 14 74 45 98 41 5 10 26 52 62 58 74 28 100 89 2 64 86 57 58 92 94 33 36 81 29 46 94 79 55 90 49 15 38 31 67 30 33 56 28 58 72 69 84 53 21 51 62 83 52 71 75 71 86 45 80 2 99 4 6 11 90 15 57 31 69 56
67 81 73 100 1 95 27 31 74 47 100 86 55 32 30 2 52 36 43 14 13 15 29 68 58 45 47 96 3 40 51 62 98 22 32 9 99 89 46 100 98 10 96 35 71 71 74 49 19 20 67 89 81 35 32 2 20 31 29 76 50 10 39 36 56 51 11 11 97 15 62 10 75 77 58 40 49 7 76 84 78 55 50 45 14 32 55 79 26 58 100 60 80 63 34 43 5 2 97 99
78 100 11 43 89 22 29 36 41 38 5 32 87 77 45 54 23 96 91 18 78 50 14 11 88 5 3 57 9 12 39 56 48 29 36 58 56 19 6 20 51 82 4 56 12 90 28 81 4 68 71 51 74 98 80 25 83 62 63 37 96 90 73 30 26 70 58 55 25 13 13 47 31 40 91 100 11 69 30 21 64 44 100 87 80 36 33 22 59 80 65 12 26 77 94 93 12 79 100 19
10 88 29 5 82 36 51 53 46 59 76 62 97 40 58 13 59 62 99 55 89 24 70 60 92 20 86 50 90 63 63 41 24 59 91 74 18 78 18 14 76 44 45 20 46 23 64 25 7 13 90 31 33 81 77 72 52 69 94 32 24 52 86 26 48 84 26 63 40 30 96 27 57 8 42 76 31 14 78 4 52 61 83 26 64 25 63 12 63 78 82 64 98 60 86 88 92 85 87 75
28 39 96 16 81 3 63 33 93 57 70 1 90 49 74 41 36 78 44 93 82 69 41 1 72 88 82 89 65 91 81 42 79 42 39 82 4 88 91 96 86 44 13 84 13 91 50 3 54 21 7 6 31 67 52 23 94 56 72 1 12 66 9 25 71 59 17 68 46 25 38 23 47 23 26 97 45 33 88 4 39 18 85 51 32 67 54 6 93 7 21 6 40 9 27 43 34 34 97 35
95 76 37 76 28 62 95 29 46 64 91 97 25 21 13 41 4 3 8 59 43 67 43 34 88 58 50 48 43 59 19 50 3 74 80 71 98 48 84 15 4 36 20 93 98 65 36 35 30 9 2 45 5 82 22 56 98 87 14 49 57 17 1 25 22 91 46 90 7 86 66 31 43 77 22 36 57 80 74 33 32 90 79 92 56 53 13 25 73 73 85 85 18 42 28 84 37 66 76 7
89 72 53 70 84 78 74 27 86 72 86 83 57 22 71 25 82 100 17 36 85 60 44 24 49 52 66 68 30 8 66 94 58 18 28 99 45 40 72 65 80 6 36 78 89 81 40 59 61 31 74 97 70 100 38 94 90 92 51 20 83 98 35 13 44 23 20 31 47 32 39 42 57 66 1 21 76 15 63 6 44 1 27 25 96 76 33 52 61 17 27 68 42 50 27 26 62 9 60 24
75 19 20 46 44 23 29 61 98 75 51 7 70 27 32 18 31 14 53 17 2 13 13 49 89 84 43 53 71 78 57 80 12 48 18 26 53 67 39 89 67 82 98 65 93 74 50 87 75 4 47 34 97 42 65 78 34 22 11 8 17 91 58 82 73 58 94 25 12 72 28 77 27 60 92 8 48 60 17 13 60 75 87 10 82 25 52 15 91 90 78 5 95 60 52 87 40 32 99 16
30 71 99 41 58 69 10 28 51 89 8 66 50 59 36 17 73 70 14 33 67 82 17 47 77 85 3 66 96 19 42 98 65 44 97 10 1 37 88 78 38 55 4 85 41 55 82 15 38 33 62 46 6 96 59 3 23 81 46 99 17 39 54 31 58 94 38 87 98 99 85 5 89 36 64 26 98 73 35 1 93 61 21 85 47 1 25 31 5 21 25 83 50 48 92 7 33 11 81 24
22 25 17 86 36 29 53 54 79 83 96 90 67 88 82 87 68 100 94 26 47 65 26 53 73 74 36 43 95 69 90 82 82 53 26 24 91 18 75 48 14 98 60 34 74 96 18 38 4 3 68 1 85 21 38 93 61 8 57 50 98 65 74 68 48 92 41 83 87 43 73 60 93 98 73 10 76 26 5 33 27 84 40 70 76 89 64 31 90 88 84 4 80 79 77 66 58 21 85 59
66 60 4 27 42 66 43 53 51 2 58 45 10 92 60 76 18 85 74 72 1 12 100 6 23 47 55 41 15 58 36 5 21 12 91 24 52 24 3 63 93 36 69 92 19 79 36 51 32 12 16 67 100 53 50 51 33 89 34 64 54 17 30 4 29 65 3 75 78 94 5 37 77 23 3 41 91 61 99 96 19 95 11 45 60 86 1 67 25 80 85 23 45 23 28 68 16 1 15 49
42 37 28 94 94 84 100 61 26 97 6 34 25 10 55 44 85 25 42 7 31 13 50 47 19 32 14 70 88 88 76 24 99 17 9 86 86 87 71 10 25 81 100 85 20 21 47 18 80 80 21 81 66 4 77 47 76 40 63 77 67 52 73 91 33 98 7 26 8 92 37 83 50 7 54 98 15 43 68 31 11 4 45 4 60 85 91 7 48 11 40 49 27 36 71 19 32 16 7 84
64 7 93 24 35 8 96 48 5 46 97 21 16 53 75 77 60 44 24 59 63 12 100 47 55 99 74 54 44 78 49 99 42 63 72 86 42 20 41 39 72 20 27 10 93 83 30 66 94 20 47 48 53 80 92 86 86 94 25 23 21 25 32 64 78 10 86 68 33 82 98 72 75 38 89 94 76 85 23 66 6 6 73 61 78 23 51 46 6 89 77 27 11 69 44 5 24 50 14 46
34 36 2 73 90 32 88 83 96 61 53 30 89 50 53 31 66 17 6 3 50 4 21 48 62 94 66 73 80 40 49 76 75 92 74 33 77 82 72 63 16 41 13 8 17 16 84 32 10 42 77 94 2 82 58 80 55 15 70 84 31 56 86 59 79 67 29 97 44 91 92 65 2 62 50 14 83 24 98 58 100 49 3 82 58 53 27 59 100 22 79 79 7 93 30 71 38 45 4 83
47 44 8 2 45 96 73 52 91 45 70 73 62 55 53 92 2 63 77 35 43 5 82 29 89 1 60 2 76 14 62 26 58 53 90 93 9 54 10 56 66 41 49 55 50 85 50 47 62 13 95 34 94 93 86 31 10 46 29 86 49 97 20 62 65 78 79 38 86 82 84 56 10 54 58 62 22 64 75 59 87 91 10 96 63 50 92 79 44 53 96 2 77 55 90 88 72 31 58 81
100 94 4 44 45 17 93 30 64 87 99 40 35 72 94 3 56 76 56 95 89 62 62 74 48 53 71 27 100 48 49 79 11 43 73 2 37 13 28 1 30 53 19 27 51 82 86 85 83 6 57 95 19 100 35 3 82 57 20 100 47 16 16 31 8 85 52 80 40 16 37 69 38 65 54 55 96 3 39 14 15 49 36 53 96 17 62 4 64 3 20 17 66 40 96 18 45 44 57 18
21 48 72 69 6 92 14 84 8 32 44 40 23 81 52 47 27 79 100 2 76 33 8 56 90 16 69 26 11 47 58 18 59 22 62 82 85 78 32 3 81 93 66 61 81 50 94 40 36 39 44 63 35 21 15 21 66 56 86 61 95 28 26 46 56 66 39 67 91 67 2 63 85 90 13 16 88 36 69 29 26 41 31 5 58 48 94 6 57 59 8 35 79 85 79 29 91 100 42 92
36 39 4 76 78 14 28 58 48 27 46 37 23 9 40 88 91 30 57 9 45 79 66 38 17 91 98 52 28 92 87 74 36 77 77 83 63 15 99 50 61 78 16 48 94 90 88 78 80 51 3 13 25 54 69 40 91 54 50 66 43 65 96 71 3 38 54 51 92 23 23 100 27 14 28 42 95 86 67 93 71 35 57 71 40 9 32 21 19 81 32 79 64 96 30 89 81 10 19 44
68 91 100 96 47 63 86 28 59 47 76 29 42 5 38 26 84 92 76 75 79 21 27 31 67 49 28 44 83 89 51 54 9 22 37 35 15 93 89 41 4 82 23 20 36 58 82 82 32 67 65 4 89 59 44 23 81 40 64 95 83 35 18 66 14 46 87 60 64 36 54 46 95 46 22 52 29 59 23 40 8 17 34 23 28 45 47 14 8 37 22 50 22 83 81 95 67 37 5 91
54 31 28 65 16 57 58 84 28 73 47 94 88 83 27 61 72 35 27 28 73 95 63 89 77 2 88 18 64 60 24 29 82 19 12 88 64 9 30 25 7 75 66 3 25 89 98 21 33 59 64 50 17 92 51 45 18 32 46 2 86 35 80 49 38 12 97 31 85 92 72 90 73 72 49 48 25 11 68 51 87 44 95 91 58 86 93 21 19 81 88 15 95 66 84 75 20 90 100 100
9 40 92 43 62 71 56 11 73 49 40 15 10 21 16 60 2 62 34 37 50 29 33 49 36 9 93 72 14 69 29 69 78 45 11 56 79 89 70 99 73 19 52 50 10 27 78 23 31 20 29 22 81 92 94 93 70 75 30 19 14 4 79 38 22 21 85 82 94 10 32 48 78 24 16 75 59 66 58 46 51 15 7 83 47 85 43 30 71 94 95 72 75 53 6 65 47 31 77 52
40 18 41 87 86 89 89 51 98 13 88 20 9 20 35 72 83 33 3 72 100 84 34 100 85 6 55 8 47 58 95 39 85 72 18 75 15 90 31 84 29 82 27 30 4 32 90 21 23 60 95 56 30 14 25 14 32 28 30 50 29 7 85 29 30 98 10 100 27 23 45 28 89 51 87 59 54 61 56 71 66 26 58 85 16 7 92 38 67 50 22 4 13 70 100 88 5 90 54 75
40 71 8 11 83 5 77 83 86 11 88 9 8 30 24 19 97 73 64 40 12 78 84 41 7 22 35 24 8 49 10 11 49 72 35 7 77 68 57 71 80 100 19 68 49 6 51 83 95 74 45 37 83 82 56 65 95 61 56 59 69 11 29 44 97 80 51 70 5 60 46 89 32 2 52 23 49 56 17 96 13 59 14 84 62 71 69 5 49 69 7 23 18 47 87 6 14 4 87 64
66 77 57 31 86 11 36 94 4 57 94 70 35 32 87 54 66 57 79 83 53 83 37 95 82 99 50 94 43 8 48 63 59 14 89 21 34 5 54 81 43 17 75 45 29 13 26 57 7 56 68 21 75 59 70 28 52 13 7 96 8 4 82 89 14 72 35 6 53 85 35 97 88 16 48 94 10 77 29 24 1 20 69 99 31 73 69 57 22 70 41 94 85 95 8 73 94 55 11 30
65 34 46 61 100 37 52 80 49 54 68 56 61 100 12 92 86 21 71 26 51 54 86 34 30 70 18 60 95 35 88 69 11 94 28 41 4 33 55 60 55 90 28 71 61 25 49 4 22 50 23 24 95 20 6 87 15 37 82 69 9 88 30 56 80 55 65 50 54 60 83 57 93 54 92 60 15 87 56 99 1 97 10 86 42 26 86 57 96 56 41 68 32 93 26 86 74 30 44 11
40 78 45 51 43 34 93 31 97 50 96 6 69 18 92 56 16 98 70 5 10 43 46 33 20 99 20 83 83 83 98 56 48 83 52 54 33 37 99 33 17 82 29 76 88 53 36 58 1 69 57 90 7 30 83 21 65 27 47 100 41 66 94 2 68 70 62 3 8 57 53 92 45 18 68 61 100 30 50 29 85 3 72 97 56 4 52 99 23 94 100 84 66 50 81 4 15 45 95 97
90 40 40 19 91 36 17 38 31 64 47 80 53 72 62 72 10 74 22 80 18 63 31 7 25 61 74 30 8 78 96 32 25 87 51 27 26 74 39 45 24 89 87 71 55 48 68 57 99 64 41 18 3 61 11 10 33 41 34 97 33 10 33 29 67 18 83 82 18 81 87 85 34 59 61 39 40 74 85 24 41 22 92 51 32 83 72 20 24 55 61 96 69 53 29 7 58 73 44 23
7 72 36 51 67 47 10 95 57 63 66 35 31 15 68 91 91 34 3 65 9 19 94 95 32 86 1 78 84 43 13 3 25 1 55 33 14 80 10 35 88 31 22 52 80 61 36 28 30 82 84 33 52 36 50 10 2 63 52 15 19 10 10 85 76 90 67 50 75 8 12 28 11 98 55 94 22 66 37 100 67 3 50 5 97 32 48 2 59 2 15 52 46 72 96 77 56 96 21 15
6 93 8 89 40 52 22 78 64 23 86 87 52 72 62 24 40 49 53 42 47 28 77 88 37 46 7 99 1 51 57 35 39 24 99 78 17 84 41 15 66 44 72 47 99 71 71 31 89 48 100 11 11 1 47 12 40 39 18 84 39 51 70 46 63 73 57 36 21 23 16 9 72 61 91 18 23 50 86 56 36 81 98 3 25 16 97 78 23 77 46 39 3 32 81 12 72 100 29 10
60 1 15 28 6 25 78 15 68 94 7 97 90 48 35 92 66 43 50 1 2 70 14 20 19 97 33 26 51 17 36 96 74 18 20 33 72 73 77 99 82 59 21 42 5 40 66 62 75 80 23 22 73 83 87 92 16 55 63 7 65 55 41 99 70 14 14 47 30 33 10 5 73 40 8 74 54 98 23 39 90 4 23 11 52 68 69 98 23 51 62 71 24 67 81 37 90 28 31 23
48 13 62 53 85 31 42 41 26 50 47 97 17 55 83 3 67 29 39 62 62 30 47 95 93 57 95 72 38 38 31 72 14 13 72 68 94 98 48 15 55 12 18 56 94 13 54 87 62 90 50 49 95 79 58 82 17 85 4 12 48 58 32 34 65 49 10 56 8 10 81 1 31 20 23 42 23 25 53 21 66 94 61 38 77 16 58 32 87 95 32 76 57 37 71 13 83 56 88 35
99 39 14 57 85 26 23 33 75 45 12 88 53 7 72 17 63 99 3 6 46 18 42 92 69 30 51 38 5 95 31 69 39 93 50 14 100 5 22 12 49 27 94 64 49 43 29 23 11 54 71 27 88 71 7 68 16 59 57 36 80 6 31 61 69 83 11 21 78 18 27 44 47 96 15 90 28 39 42 67 40 78 63 11 84 58 74 93 99 18 72 59 71 21 91 31 87 59 45 28
66 45 54 4 100 80 16 65 12 86 3 73 70 3 10 2 90 3 96 62 16 69 30 88 93 87 19 75 34 35 25 10 28 22 28 12 72 74 65 53 40 94 41 9 53 64 58 77 78 18 100 19 97 78 59 34 76 78 69 2 75 36 47 72 8 1 49 1 95 84 49 43 99 89 60 92 5 34 51 35 36 31 55 85 4 81 12 33 99 12 63 31 13 81 62 45 38 21 52 45
65 76 81 53 27 24 71 77 78 58 18 41 32 25 37 91 3 16 29 85 21 66 97 26 43 36 15 57 58 75 18 66 42 91 1 66 75 99 58 69 52 78 19 50 86 5 93 13 85 25 9 19 88 36 80 27 35 27 41 28 64 79 98 32 55 9 68 19 11 70 83 15 12 10 97 82 98 59 16 76 77 22 77 54 23 38 56 91 16 24 65 43 96 29 21 18 94 5 66 18
51 12 75 7 100 72 88 85 84 63 1 43 73 85 44 75 2 71 12 50 49 93 3 13 47 13 55 80 20 1 40 58 27 87 45 17 29 86 58 68 77 12 20 26 96 35 51 61 81 92 8 10 64 42 26 79 55 34 7 18 90 11 90 68 87 9 71 62 48 10 20 66 91 24 19 49 70 23 26 84 1 9 45 97 88 49 66 71 41 54 25 45 26 28 71 98 95 79 41 33
95 70 53 47 87 97 48 13 51 11 20 12 12 82 67 6 81 24 77 23 46 83 35 16 18 44 64 66 31 85 52 70 16 98 55 36 82 24 3 61 27 89 41 42 55 59 22 86 67 17 36 23 20 18 62 67 52 87 76 16 88 2 40 58 17 28 82 20 98 9 17 54 18 22 26 97 14 40 65 23 39 46 46 89 69 46 49 11 82 88 68 51 44 56 48 88 8 31 83 83
17 15 30 23 44 46 99 29 26 80 60 51 19 32 33 3 8 5 69 71 95 85 60 3 24 93 93 36 60 78 62 2 62 92 25 52 90 61 39 87 5 52 12 18 96 2 13 72 36 17 45 83 38 48 95 36 73 50 66 86 45 14 82 16 40 38 23 29 6 74 87 10 53 16 1 11 90 18 95 1 7 95 67 27 65 18 74 71 9 43 68 67 98 51 60 93 77 74 87 59
9 31 39 70 84 84 10 34 90 42 42 85 48 35 35 32 91 6 88 59 78 48 35 87 25 73 75 94 12 8 22 89 80 74 14 32 96 91 99 31 14 43 44 52 75 89 59 97 64 94 85 44 31 88 82 96 61 99 60 41 33 100 71 11 33 88 56 55 68 23 2 95 48 93 78 23 84 25 48 39 96 32 75 2 71 13 29 92 6 51 39 57 76 97 19 98 50 25 34 27
95 50 61 29 6 64 82 44 19 34 28 17 67 10 84 34 56 53 37 18 60 87 95 15 61 33 58 29 73 40 40 29 55 33 88 45 74 68 84 62 8 93 95 35 89 14 100 4 85 93 74 26 56 4 64 61 24 58 55 100 16 59 21 40 75 84 40 3 31 16 100 46 59 30 17 77 7 73 68 34 42 72 51 81 56 65 47 62 49 81 14 48 54 76 54 64 63 67 12 8
92 93 72 66 100 97 5 4 95 82 24 46 27 16 81 58 25 8 28 50 69 25 84 55 63 56 66 69 11 69 10 76 71 87 99 13 4 94 75 19 62 11 59 87 24 3 91 14 60 36 18 82 98 40 21 52 51 35 46 16 91 59 7 29 11 86 39 79 61 45 20 42 17 26 89 66 29 98 10 11 19 56 86 81 1 88 53 76 58 49 74 96 27 98 25 9 24 82 37 49
8 89 40 66 30 68 24 85 90 85 10 95 31 13 91 92 59 23 14 45 24 73 17 26 55 27 20 63 54 38 64 66 2 91 38 98 43 13 25 46 36 68 2 22 57 87 82 93 66 83 15 22 85 84 67 16 32 81 92 88 73 87 80 38 77 99 31 90 90 5 83 73 45 71 6 22 52 29 67 90 100 56 6 48 81 31 77 13 56 7 47 54 93 97 75 2 87 13 70 71
77 27 8 89 42 5 84 77 39 61 9 14 55 92 11 5 12 27 55 46 16 76 32 48 51 40 55 53 35 88 52 16 39 64 4 10 40 36 1 42 12 37 29 26 41 54 64 59 14 63 96 17 77 45 69 95 53 92 20 83 100 65 44 9 43 73 32 80 61 42 32 18 22 18 6 49 81 57 34 86 56 94 57 49 21 26 51 37 4 97 95 13 52 73 23 83 23 8 8 72
15 64 27 84 25 68 77 99 83 6 36 69 68 11 86 94 82 47 49 93 41 2 96 90 70 90 73 45 78 33 7 53 88 57 74 64 73 19 33 57 3 93 23 8 83 11 50 37 39 92 3 91 98 92 58 90 86 84 49 15 72 78 62 19 22 31 2 27 86 6 27 94 44 62 90 43 66 62 45 84 55 28 35 40 13 55 45 49 44 77 15 57 69 45 28 26 36 80 51 19
12 71 66 78 96 40 3 99 79 64 88 42 44 80 63 27 16 15 11 68 8 7 13 84 33 4 86 27 65 89 96 67 3 52 47 73 95 12 6 70 52 57 55 8 65 56 23 80 9 99 33 6 54 68 52 47 56 61 39 2 31 58 21 72 75 30 62 36 23 83 48 3 12 16 45 12 94 52 84 44 22 37 78 20 42 38 55 15 35 92 48 57 33 11 24 84 40 21 54 22
17 6 85 51 50 18 47 73 91 84 93 37 21 27 72 56 48 18 12 62 28 47 33 98 87 55 98 62 14 40 64 76 25 24 48 48 96 47 76 76 64 51 72 26 1 42 63 97 28 59 59 46 92 73 69 52 61 20 54 42 42 13 15 72 79 68 42 5 5 19 37 100 69 42 78 20 22 54 24 12 23 3 5 35 88 57 89 16 67 52 6 41 66 26 96 16 96 85 78 11
1 90 89 17 78 34 81 41 48 38 19 71 87 4 98 71 34 56 48 72 69 20 6 86 100 44 46 8 70 44 77 69 8 83 21 95 79 52 89 88 3 8 35 69 26 11 93 12 24 94 31 6 16 44 87 49 18 63 66 70 47 33 63 55 78 92 41 63 44 11 86 74 79 10 85 62 58 88 23 26 8 66 73 26 98 99 81 79 62 82 48 92 21 96 39 93 67 15 16 80
58 46 58 18 68 33 36 71 21 19 55 59 8 74 39 38 28 79 35 39 39 7 3 26 38 25 9 88 27 85 71 30 87 76 40 56 94 65 81 7 65 43 70 69 43 84 81 41 99 30 30 1 20 44 3 78 21 67 58 83 43 38 53 62 52 42 66 32 78 62 71 14 56 50 19 59 29 1 74 96 17 53 25 18 79 2 77 58 77 60 74 39 65 81 35 83 50 4 49 39
74 87 79 92 13 18 95 74 17 1 86 93 8 68 53 16 87 29 13 97 100 22 20 90 42 91 12 29 96 42 8 76 3 37 5 42 64 76 30 9 25 60 10 82 78 47 85 38 12 73 50 24 61 26 65 18 59 49 5 33 21 88 35 55 18 81 100 56 25 44 67 32 64 94 94 42 81 17 2 69 90 53 93 98 80 67 89 83 94 33 26 86 7 29 32 5 69 57 80 20
24 57 51 23 50 86 77 14 56 24 24 39 21 27 98 67 97 27 74 87 61 31 74 12 45 70 5 25 42 69 15 84 73 5 37 79 95 57 24 32 55 34 78 23 73 85 80 79 96 68 15 80 39 33 42 24 82 71 2 63 84 31 30 91 100 98 58 3 44 31 87 59 13 64 1 42 10 56 43 75 13 47 74 90 71 98 13 1 44 44 12 80 42 21 44 45 13 33 45 76
39 36 77 88 16 21 100 90 64 72 53 58 32 68 96 87 35 17 92 47 6 53 98 43 34 24 99 83 72 58 79 61 93 32 30 38 63 31 92 49 32 68 95 93 86 91 24 21 6 59 78 62 60 17 30 36 71 92 59 96 85 9 43 62 78 54 39 89 2 36 68 3 8 82 15 3 57 96 15 19 60 56 24 11 78 41 85 19 97 81 49 77 41 9 95 63 3 72 20 49
33 37 25 18 90 88 13 76 42 46 96 90 69 47 9 13 85 50 13 29 24 51 81 72 78 99 100 25 6 24 12 91 1 50 67 4 100 31 49 92 22 94 4 49 5 74 2 89 83 21 74 17 28 97 26 99 18 75 32 23 29 87 16 46 36 47 41 53 68 59 6 64 91 12 82 92 40 11 31 81 25 85 68 76 17 21 81 62 31 53 71 41 6 72 84 75 15 52 31 59
16 88 56 95 63 92 47 27 46 75 43 67 83 61 65 13 99 21 61 95 35 33 4 8 75 97 94 96 66 8 67 40 70 37 96 17 28 46 23 71 23 82 15 83 42 16 48 44 82 70 79 32 32 3 92 98 39 76 53 63 66 13 46 48 85 31 18 58 64 69 9 23 7 52 10 55 32 75 71 97 70 11 66 29 40 70 71 98 98 34 51 52 5 17 79 85 16 98 29 75
62 14 10 55 35 41 85 13 39 50 95 49 36 54 47 72 90 63 16 37 51 95 41 1 57 89 80 65 85 66 2 52 62 85 5 56 1 8 51 41 61 69 87 47 14 81 70 43 98 94 43 25 100 55 30 80 13 52 37 43 43 35 28 31 19 6 83 21 74 50 13 21 12 16 27 91 42 77 6 85 60 99 45 81 40 42 83 49 76 84 15 24 42 73 92 54 7 85 3 63
51 67 99 95 87 58 29 22 54 62 51 35 88 98 86 38 71 91 23 66 68 11 50 19 2 87 1 24 77 22 66 64 94 27 92 3 65 52 19 23 16 60 27 24 46 62 69 39 53 7 31 49 92 86 21 20 3 86 88 2 1 32 16 94 33 69 100 75 8 42 61 94 62 31 76 48 42 52 75 36 83 62 42 77 100 9 44 31 30 14 9 78 95 16 68 28 95 35 25 73
59 56 92 44 58 6 98 27 4 48 55 97 19 36 53 27 59 36 49 1 29 87 75 75 64 34 78 55 40 71 20 52 10 42 27 60 99 50 86 78 40 50 38 99 22 5 48 34 55 74 97 21 13 24 59 70 86 26 12 6 59 22 36 29 1 67 20 38 49 3 55 80 42 42 92 97 84 88 70 62 84 53 99 63 94 11 52 73 94 55 71 29 46 76 7 82 56 88 28 90
68 1 46 5 15 63 56 59 62 71 51 35 28 87 1 76 53 74 75 55 73 3 38 77 24 21 97 18 15 46 21 5 19 88 55 54 81 7 14 30 46 8 49 10 84 77 23 19 64 74 35 80 81 72 63 52 13 44 59 38 98 34 75 14 28 43 69 22 46 84 56 65 90 28 46 34 64 11 30 32 5 75 33 9 100 51 6 1 37 43 69 4 10 35 6 62 87 83 1 1
28 27 43 68 16 22 78 52 96 96 58 32 14 77 25 29 56 80 100 13 48 12 58 75 69 48 100 72 86 24 18 44 65 19 82 16 78 60 42 98 93 94 14 46 69 83 26 56 95 22 21 22 67 20 87 35 76 60 92 44 82 90 13 94 71 66 82 68 27 8 89 10 77 83 51 14 73 34 72 35 7 91 16 11 44 70 35 65 84 12 16 90 31 73 37 95 84 26 30 92
15 39 100 80 26 32 60 21 66 7 61 37 2 21 41 68 96 36 75 40 23 64 53 67 54 32 31 84 51 8 84 37 89 93 39 30 62 25 6 62 52 47 10 30 35 65 26 66 76 92 70 64 43 28 54 10 5 69 91 92 4 44 12 93 35 82 97 46 59 38 28 45 98 37 98 42 46 99 9 84 62 51 41 2 75 72 11 31 1 14 40 43 23 18 19 99 68 54 59 72
71 62 39 22 10 32 23 98 23 83 98 82 3 65 64 45 30 15 26 91 63 72 59 93 3 66 89 100 32 24 96 82 4 43 95 90 20 51 45 81 38 28 46 97 12 18 74 49 38 94 4 89 73 19 47 23 58 11 41 26 75 49 5 78 9 47 55 24 62 55 77 72 43 36 44 44 36 98 63 63 10 5 64 41 81 98 69 44 16 30 72 12 42 85 5 55 90 27 20 45
33 72 27 78 38 25 94 83 82 32 81 29 6 24 24 72 34 55 72 29 83 20 86 74 75 92 9 74 31 86 1 15 65 34 22 35 43 4 1 55 32 14 65 90 34 83 48 53 48 8 33 77 52 94 57 9 51 66 53 86 96 86 79 13 22 9 50 39 90 28 11 39 57 74 50 75 86 69 5 32 66 42 51 48 31 59 72 20 78 74 60 71 37 69 13 56 33 68 25 51
28 47 48 99 33 48 54 82 34 51 75 1 70 13 83 98 45 34 89 24 33 85 15 73 18 1 32 14 92 52 44 90 87 91 71 7 68 42 89 66 2 90 73 1 35 48 9 48 64 94 73 83 86 40 25 29 51 100 76 62 61 73 70 4 80 46 85 80 34 95 92 12 94 59 92 79 5 77 64 41 9 4 63 39 43 12 87 70 100 2 56 56 62 79 49 38 4 82 66 81
35 18 55 98 62 61 31 32 88 98 13 17 17 76 39 8 74 16 56 57 9 33 24 61 57 18 89 95 37 60 29 51 75 92 61 34 79 43 63 63 60 80 39 81 75 46 91 84 17 67 13 44 39 35 10 23 100 45 55 75 37 55 34 41 90 33 18 88 59 76 36 24 94 27 19 28 14 69 77 13 7 80 58 81 64 42 43 1 17 18 35 71 83 33 79 15 16 61 60 22
39 85 69 43 60 83 52 82 56 51 33 10 80 48 86 80 46 32 2 24 95 27 40 74 63 12 1 45 86 67 73 30 100 78 58 61 63 23 31 64 96 22 36 8 99 59 13 79 55 46 32 42 54 5 39 32 52 29 82 88 66 77 69 32 9 87 73 29 76 64 36 88 50 59 2 14 66 77 49 80 17 71 60 78 14 15 27 94 40 40 74 7 21 53 21 74 77 60 87 43
65 22 38 97 49 65 22 48 12 29 59 11 35 53 12 1 59 63 53 62 30 25 73 42 84 28 88 34 2 100 55 12 100 21 34 28 39 94 92 10 33 21 98 62 64 18 92 90 9 19 93 75 78 43 46 18 50 38 56 15 63 96 30 55 79 81 43 47 47 85 86 41 93 19 47 51 74 83 14 37 80 60 10 26 20 47 33 30 46 54 30 86 87 24 79 68 4 66 42 81
53 97 49 64 53 32 9 93 84 84 27 46 52 30 60 41 72 74 87 90 2 86 80 70 84 80 40 96 6 3 34 19 82 11 68 44 39 4 14 29 94 9 58 66 41 45 92 7 38 9 96 87 77 44 62 59 13 12 25 90 80 93 8 75 40 59 69 92 44 15 10 94 20 33 72 20 28 57 74 68 67 99 23 52 30 45 87 2 14 87 55 50 92 40 47 63 88 92 52 64
